-1.191775724291801453e-01
-7.188619375228881836e-01
-1.986463814973831177e-01
5.529990792274475098e-01
1.675723195075988770e-01
5.583664774894714355e-01
-4.915056228637695312e-01
3.480563759803771973e-01
8.595571517944335938e-01
2.369873523712158203e-01
-9.681110978126525879e-01
-3.309386074542999268e-01
5.354189872741699219e-01
-1.597821354866027832e+00
3.954552412033081055e-01
-5.826156735420227051e-01
2.561544477939605713e-01
5.634449124336242676e-01
4.738016128540039062e-01
5.164946913719177246e-01
8.257195353507995605e-01
-2.213437110185623169e-01
-4.013123512268066406e-01
-3.182456195354461670e-01
-3.628045320510864258e-01
3.790079057216644287e-01
6.180817633867263794e-02
7.182413339614868164e-01
-4.604687690734863281e-01
-4.990678131580352783e-01
6.150983646512031555e-02
9.397272467613220215e-01
3.921913206577301025e-01
7.591575384140014648e-02
5.455671623349189758e-02
6.201109290122985840e-01
3.929259479045867920e-01
-4.571631923317909241e-02
-1.417545676231384277e-01
5.608456730842590332e-01
-1.044215187430381775e-01
-3.860031366348266602e-01
-5.829805135726928711e-01
2.280979603528976440e-01
9.810985624790191650e-02
7.866575121879577637e-01
6.987277269363403320e-01
4.616152644157409668e-01
3.932643830776214600e-01
4.269079566001892090e-01
3.066003918647766113e-01
2.933691143989562988e-01
7.046267390251159668e-01
6.993037462234497070e-02
-1.568334579467773438e+00
-8.646632432937622070e-01
9.506930112838745117e-01
3.906182348728179932e-01
4.630070030689239502e-01
-9.042792767286300659e-02
2.890529036521911621e-01
2.593232095241546631e-01
4.255310297012329102e-01
-3.656822144985198975e-01
