-1.719290018081665039e-01
1.584384590387344360e-01
2.077718637883663177e-02
1.158296018838882446e-01
1.095196902751922607e-01
7.092662900686264038e-02
4.544251412153244019e-02
7.521928846836090088e-02
3.093040548264980316e-02
-2.778355032205581665e-02
1.159405484795570374e-01
-2.921401336789131165e-02
1.054497361183166504e-01
1.574881821870803833e-01
1.420635823160409927e-02
1.071427315473556519e-01
2.004562318325042725e-01
6.244843453168869019e-02
1.818697899580001831e-01
-7.707706093788146973e-02
2.254147380590438843e-01
1.431550681591033936e-01
-8.939229696989059448e-02
1.466788947582244873e-01
1.670582443475723267e-01
7.335837185382843018e-02
8.987679332494735718e-02
9.503825753927230835e-02
2.707709074020385742e-01
1.134304180741310120e-01
-9.670216590166091919e-02
1.520752906799316406e-01
-7.736277580261230469e-02
-1.657985597848892212e-01
1.039493083953857422e-01
2.054594606161117554e-01
1.325025409460067749e-01
1.560940146446228027e-01
8.491285890340805054e-02
-6.962077692151069641e-03
-8.020923286676406860e-02
2.543273568153381348e-01
1.636948436498641968e-01
4.097360186278820038e-03
1.424921900033950806e-01
-1.918138749897480011e-02
2.790644764900207520e-03
-9.449986368417739868e-02
-1.147754210978746414e-02
1.171564087271690369e-01
1.874750852584838867e-01
-6.035936996340751648e-03
-4.333167523145675659e-02
-1.355729252099990845e-02
-1.157742086797952652e-02
1.788408681750297546e-02
2.615416944026947021e-01
9.033743292093276978e-02
-2.526058256626129150e-02
1.567424982786178589e-01
8.906900882720947266e-02
-4.510052129626274109e-02
-9.158266335725784302e-02
9.607761166989803314e-03
