-8.809421658515930176e-01 -1.410127244889736176e-02 2.754164636135101318e-01 4.230613410472869873e-01
3.402556851506233215e-02 5.653943121433258057e-02 -9.463492631912231445e-01 3.062188625335693359e-01
8.479228615760803223e-01 3.685294836759567261e-02 -6.964713335037231445e-01 -1.143420815467834473e+00
6.026746630668640137e-01 -3.402123600244522095e-02 6.912882328033447266e-01 8.724151253700256348e-01
4.016752541065216064e-01 3.480488806962966919e-02 1.349629461765289307e-01 -1.202822566032409668e+00
-7.425282150506973267e-02 4.170317202806472778e-03 -3.994435966014862061e-01 -7.526845932006835938e-01
-8.025656342506408691e-01 1.610089465975761414e-02 -2.804499566555023193e-01 -4.024595618247985840e-01
-4.706107378005981445e-01 6.261458154767751694e-03 5.738193392753601074e-01 -2.476283758878707886e-01
-6.316785812377929688e-01 -7.945716381072998047e-02 -2.489161938428878784e-01 -4.375511407852172852e-01
-4.348234534263610840e-01 -3.401347249746322632e-02 5.217814445495605469e-01 4.662480354309082031e-01
-7.226549983024597168e-01 8.316122926771640778e-03 1.513239890336990356e-01 -4.921156167984008789e-01
-1.065091967582702637e+00 7.368151098489761353e-02 4.517135322093963623e-01 -2.225855886936187744e-01
-8.721900731325149536e-02 -2.714783549308776855e-01 1.217668950557708740e-01 -5.674980878829956055e-01
-7.093851268291473389e-02 -1.569108851253986359e-02 -8.817425370216369629e-01 2.109159678220748901e-01
3.550567924976348877e-01 -3.388890996575355530e-02 3.069323301315307617e-01 9.187983274459838867e-01
3.524255752563476562e-01 -3.674126416444778442e-02 7.073190808296203613e-01 1.258424997329711914e+00
-9.311102032661437988e-01 -3.442427888512611389e-02 1.198910549283027649e-01 -1.555480901151895523e-02
2.580383718013763428e-01 -9.188041090965270996e-02 4.707061648368835449e-01 4.678318202495574951e-01
-9.171577692031860352e-01 -7.543460465967655182e-03 2.485071569681167603e-01 1.612270474433898926e-01
5.872563719749450684e-01 1.732613518834114075e-02 -2.552168071269989014e-01 -9.638028144836425781e-01
-2.954080700874328613e-01 -6.189815700054168701e-02 1.155371785163879395e+00 1.862106084823608398e+00
1.069942355155944824e+00 3.518843278288841248e-02 -7.556567192077636719e-01 -1.382587313652038574e+00
2.560321986675262451e-01 -6.007754430174827576e-02 6.244491934776306152e-01 8.846744298934936523e-01
4.011553823947906494e-01 -3.107755482196807861e-01 3.155819177627563477e-01 7.014577984809875488e-01
2.976752445101737976e-02 -1.593023352324962616e-02 3.116427361965179443e-01 7.336618304252624512e-01
4.444947540760040283e-01 1.663682796061038971e-02 -1.641016304492950439e-01 -8.229680061340332031e-01
-3.789075314998626709e-01 7.722809165716171265e-02 -5.491903424263000488e-01 5.566661953926086426e-01
2.636879980564117432e-01 -6.372667104005813599e-02 1.882516294717788696e-01 -1.691122353076934814e-01
7.768499255180358887e-01 -8.107749372720718384e-02 4.901826381683349609e-01 5.349854230880737305e-01
-1.333522439002990723e+00 -1.727728545665740967e-02 4.149663746356964111e-01 4.615207016468048096e-01
-7.250324487686157227e-01 5.787381157279014587e-02 -3.141888082027435303e-01 -2.217750400304794312e-01
-1.847539097070693970e-01 3.413508646190166473e-03 -7.309820055961608887e-01 -1.124686971306800842e-01
5.172595754265785217e-02 1.394928097724914551e-01 -6.037128567695617676e-01 -8.328951150178909302e-02
-7.316422462463378906e-01 4.702986218035221100e-03 4.571548998355865479e-01 -5.024513006210327148e-01
3.002608418464660645e-01 -5.099691078066825867e-02 1.100333571434020996e+00 9.235060214996337891e-01
5.380477309226989746e-01 -3.422675654292106628e-02 -4.962861239910125732e-01 -1.021814107894897461e+00
9.221913218498229980e-01 -2.758431248366832733e-02 7.398485206067562103e-03 -4.346816614270210266e-02
5.448427796363830566e-01 1.073664501309394836e-01 -5.633361339569091797e-01 5.214205384254455566e-01
-7.774325609207153320e-01 4.672333970665931702e-02 -3.748812675476074219e-01 3.991549313068389893e-01
-4.742391109466552734e-01 -3.637951333075761795e-03 6.919368356466293335e-02 5.019871592521667480e-01
1.627179384231567383e-01 -1.866341009736061096e-02 -6.097555160522460938e-01 5.171699523925781250e-01
-4.636315107345581055e-01 1.621178910136222839e-02 -3.113752007484436035e-01 -4.802731871604919434e-01
-6.898139119148254395e-01 2.686105482280254364e-02 -5.021772384643554688e-01 -7.260602116584777832e-01
1.520626902580261230e+00 -4.037703946232795715e-02 3.537574708461761475e-01 4.520100951194763184e-01
-1.390162825584411621e+00 -1.841912046074867249e-02 3.290980160236358643e-01 -3.625118552008643746e-06
6.842538714408874512e-03 1.605196595191955566e-01 -5.561744570732116699e-01 -2.800737619400024414e-01
-2.445608377456665039e-01 1.850587576627731323e-01 2.109873890876770020e-01 2.858597636222839355e-01
-4.450449645519256592e-01 -3.339504078030586243e-02 5.202201604843139648e-01 4.451170191168785095e-02
-8.614041805267333984e-01 -1.428155694156885147e-02 -6.528460886329412460e-03 4.447029829025268555e-01
-3.922629058361053467e-01 6.468630861490964890e-03 -4.421914517879486084e-01 2.924832999706268311e-01
6.311947945505380630e-03 -1.342155784368515015e-01 1.011138319969177246e+00 7.975929975509643555e-01
-5.753688812255859375e-01 -9.669554978609085083e-02 -7.475970387458801270e-01 3.440533876419067383e-01
6.876503229141235352e-01 -3.783918917179107666e-02 7.367619872093200684e-01 1.049657106399536133e+00
1.506387710571289062e+00 4.683133587241172791e-02 -7.839267849922180176e-01 -1.319491982460021973e+00
1.418949365615844727e+00 2.717035822570323944e-02 2.795752286911010742e-01 -1.738105058670043945e+00
5.894321575760841370e-02 -2.957339584827423096e-01 -6.526514887809753418e-01 -8.723615854978561401e-02
-1.546879410743713379e-01 4.358669742941856384e-02 -5.629761219024658203e-01 3.144455552101135254e-01
7.167138457298278809e-01 -1.977888494729995728e-02 2.369608581066131592e-01 -5.273196101188659668e-02
-4.349963068962097168e-01 5.931168422102928162e-02 -4.740140140056610107e-01 -2.187077328562736511e-02
-1.422872781753540039e+00 -4.495028406381607056e-02 5.569081306457519531e-01 6.601303219795227051e-01
-6.714704632759094238e-01 -2.756086550652980804e-02 4.702019393444061279e-01 5.156575441360473633e-01
3.867535293102264404e-01 -2.784125879406929016e-02 7.085184454917907715e-01 1.090597867965698242e+00
1.154782652854919434e+00 5.268580466508865356e-02 2.211079001426696777e-01 -1.044045925140380859e+00
1.558315157890319824e-01 -1.423112750053405762e-01 3.500571250915527344e-01 -8.804899454116821289e-01
